"[0.5767, 0.8595]","[0.4173, 0.8093]","[0.2795, 0.7086]","[0.1554, 0.6508]","[0.0415, 0.6308]","[0.4157, 0.4559]","[0.4026, 0.2656]","[0.4034, 0.1459]","[0.4102, 0.0439]","[0.5192, 0.4624]","[0.5318, 0.35]","[0.5303, 0.4889]","[0.5279, 0.5916]","[0.6192, 0.4955]","[0.6318, 0.3992]","[0.6179, 0.5161]","[0.6005, 0.6003]","[0.708, 0.5465]","[0.7288, 0.4474]","[0.7006, 0.5145]","[0.6735, 0.5728]"
"[0.5758, 0.866]","[0.4242, 0.8028]","[0.2838, 0.7027]","[0.1554, 0.6451]","[0.0465, 0.6253]","[0.407, 0.4507]","[0.3969, 0.2586]","[0.3979, 0.1454]","[0.4028, 0.0462]","[0.5107, 0.4545]","[0.5261, 0.3493]","[0.5346, 0.493]","[0.5377, 0.5908]","[0.6118, 0.4857]","[0.6311, 0.3946]","[0.6215, 0.5127]","[0.6066, 0.5914]","[0.703, 0.5343]","[0.7277, 0.4405]","[0.7016, 0.5119]","[0.6791, 0.5664]"
"[0.5784, 0.8737]","[0.4257, 0.8048]","[0.2844, 0.7056]","[0.1555, 0.6469]","[0.0461, 0.6254]","[0.4076, 0.4536]","[0.3957, 0.2607]","[0.3972, 0.1483]","[0.4034, 0.0492]","[0.5104, 0.4563]","[0.5244, 0.3489]","[0.5343, 0.492]","[0.54, 0.5902]","[0.6112, 0.4868]","[0.6298, 0.3913]","[0.6196, 0.508]","[0.6054, 0.5878]","[0.7025, 0.5353]","[0.7283, 0.4392]","[0.7008, 0.5064]","[0.678, 0.5609]"
"[0.5775, 0.8743]","[0.4254, 0.8073]","[0.2816, 0.7077]","[0.1544, 0.6489]","[0.0468, 0.6276]","[0.4032, 0.4549]","[0.3909, 0.2609]","[0.3922, 0.1491]","[0.3972, 0.0504]","[0.5064, 0.4577]","[0.5242, 0.3502]","[0.5368, 0.491]","[0.541, 0.5898]","[0.607, 0.4872]","[0.63, 0.3915]","[0.6216, 0.5092]","[0.6048, 0.5912]","[0.6987, 0.5339]","[0.7284, 0.4355]","[0.7035, 0.5045]","[0.6786, 0.5629]"
"[0.5749, 0.8719]","[0.423, 0.8043]","[0.2791, 0.7059]","[0.1502, 0.6475]","[0.0429, 0.6283]","[0.403, 0.4554]","[0.3908, 0.2608]","[0.3904, 0.1487]","[0.394, 0.0492]","[0.5068, 0.4581]","[0.5234, 0.3541]","[0.5348, 0.495]","[0.5391, 0.5944]","[0.6072, 0.4873]","[0.6294, 0.3918]","[0.6205, 0.5097]","[0.605, 0.5936]","[0.6978, 0.5327]","[0.7267, 0.4357]","[0.7017, 0.504]","[0.6793, 0.5625]"
"[0.5756, 0.8726]","[0.4238, 0.8056]","[0.2797, 0.7053]","[0.1495, 0.6469]","[0.0398, 0.6289]","[0.4024, 0.4558]","[0.3904, 0.2616]","[0.3914, 0.1484]","[0.3949, 0.0482]","[0.5059, 0.4576]","[0.5218, 0.3538]","[0.5366, 0.4947]","[0.541, 0.5946]","[0.6067, 0.4864]","[0.628, 0.393]","[0.6219, 0.5109]","[0.6056, 0.5949]","[0.6974, 0.5315]","[0.7246, 0.4367]","[0.7024, 0.5057]","[0.6804, 0.5638]"
"[0.5756, 0.8713]","[0.4244, 0.8047]","[0.2808, 0.7063]","[0.1523, 0.6477]","[0.0443, 0.629]","[0.4023, 0.4558]","[0.3904, 0.2614]","[0.3911, 0.1488]","[0.3955, 0.049]","[0.5058, 0.4576]","[0.5228, 0.3528]","[0.5359, 0.4937]","[0.5405, 0.5934]","[0.6061, 0.4865]","[0.6273, 0.3942]","[0.6201, 0.5114]","[0.6046, 0.5941]","[0.6968, 0.5319]","[0.723, 0.4373]","[0.7, 0.5058]","[0.6785, 0.5633]"
"[0.5739, 0.869]","[0.4241, 0.8047]","[0.2802, 0.7058]","[0.1521, 0.648]","[0.0439, 0.6299]","[0.4017, 0.4562]","[0.3904, 0.2621]","[0.3916, 0.1494]","[0.3965, 0.05]","[0.5059, 0.4571]","[0.5222, 0.3535]","[0.5353, 0.4937]","[0.5402, 0.5941]","[0.6065, 0.485]","[0.6275, 0.3935]","[0.6209, 0.51]","[0.6061, 0.5936]","[0.6982, 0.5289]","[0.7247, 0.4348]","[0.7025, 0.5026]","[0.6806, 0.5606]"
"[0.5703, 0.866]","[0.4206, 0.8036]","[0.2768, 0.7059]","[0.1491, 0.6488]","[0.0386, 0.6299]","[0.3996, 0.4545]","[0.3881, 0.2611]","[0.3889, 0.1489]","[0.3924, 0.0493]","[0.5037, 0.4565]","[0.5198, 0.3545]","[0.5338, 0.4934]","[0.5379, 0.5931]","[0.6034, 0.485]","[0.6257, 0.3946]","[0.6197, 0.5115]","[0.6034, 0.5961]","[0.6937, 0.5296]","[0.7226, 0.4369]","[0.702, 0.5059]","[0.6797, 0.5653]"
"[0.5705, 0.8676]","[0.4197, 0.8015]","[0.2793, 0.7063]","[0.1494, 0.6494]","[0.0378, 0.6312]","[0.3973, 0.4537]","[0.3843, 0.2602]","[0.385, 0.1485]","[0.3881, 0.0485]","[0.4996, 0.4554]","[0.5155, 0.3569]","[0.5309, 0.4987]","[0.535, 0.5987]","[0.5992, 0.4847]","[0.6218, 0.3946]","[0.6151, 0.5145]","[0.5968, 0.6002]","[0.6875, 0.5309]","[0.7181, 0.4381]","[0.6946, 0.5097]","[0.6703, 0.5696]"
"[0.5642, 0.866]","[0.4152, 0.8014]","[0.274, 0.7043]","[0.1438, 0.6475]","[0.033, 0.6317]","[0.3921, 0.4541]","[0.3783, 0.2605]","[0.3786, 0.1491]","[0.3827, 0.0498]","[0.4964, 0.4544]","[0.5093, 0.3601]","[0.5266, 0.5001]","[0.5351, 0.6007]","[0.5969, 0.4818]","[0.6158, 0.3945]","[0.6108, 0.5108]","[0.5969, 0.5954]","[0.6871, 0.5252]","[0.7146, 0.4344]","[0.691, 0.5038]","[0.6693, 0.5628]"
"[0.5633, 0.8706]","[0.414, 0.8026]","[0.2722, 0.7032]","[0.1401, 0.6452]","[0.0264, 0.6309]","[0.3901, 0.455]","[0.3762, 0.2604]","[0.3759, 0.1486]","[0.3789, 0.0492]","[0.4922, 0.457]","[0.5088, 0.3584]","[0.5247, 0.4964]","[0.5301, 0.5963]","[0.5907, 0.4851]","[0.6129, 0.3937]","[0.6077, 0.5092]","[0.5921, 0.595]","[0.6802, 0.5288]","[0.7098, 0.4343]","[0.6883, 0.5029]","[0.6658, 0.5637]"
"[0.5579, 0.872]","[0.4091, 0.8021]","[0.2691, 0.7043]","[0.1359, 0.6442]","[0.0218, 0.6312]","[0.3892, 0.4562]","[0.3763, 0.2621]","[0.377, 0.1487]","[0.3816, 0.0479]","[0.4933, 0.4588]","[0.508, 0.3572]","[0.5183, 0.497]","[0.5229, 0.5999]","[0.5935, 0.4889]","[0.6119, 0.3941]","[0.6032, 0.5121]","[0.5887, 0.6029]","[0.6837, 0.5345]","[0.7093, 0.4376]","[0.687, 0.5035]","[0.6665, 0.5653]"
"[0.56, 0.8693]","[0.4118, 0.8039]","[0.2713, 0.7071]","[0.1397, 0.6471]","[0.026, 0.6306]","[0.3887, 0.4567]","[0.3755, 0.2616]","[0.3751, 0.1481]","[0.379, 0.0467]","[0.4924, 0.4593]","[0.5081, 0.3557]","[0.5183, 0.4948]","[0.5233, 0.5992]","[0.5928, 0.4899]","[0.6123, 0.395]","[0.6043, 0.5121]","[0.5911, 0.6031]","[0.6842, 0.5357]","[0.7093, 0.4399]","[0.6884, 0.5052]","[0.6694, 0.5666]"
"[0.5614, 0.8708]","[0.4136, 0.8042]","[0.2743, 0.7086]","[0.1426, 0.6499]","[0.0284, 0.6338]","[0.3885, 0.4559]","[0.3749, 0.2622]","[0.3746, 0.1492]","[0.3782, 0.0482]","[0.4928, 0.4579]","[0.508, 0.3555]","[0.5195, 0.496]","[0.5245, 0.6002]","[0.5937, 0.4882]","[0.6134, 0.3946]","[0.6056, 0.5141]","[0.5914, 0.6058]","[0.6846, 0.5347]","[0.7095, 0.4408]","[0.6884, 0.5084]","[0.669, 0.57]"
"[0.5592, 0.8713]","[0.4119, 0.8015]","[0.2716, 0.7062]","[0.1376, 0.6487]","[0.0243, 0.6351]","[0.3885, 0.4539]","[0.3758, 0.2609]","[0.376, 0.1486]","[0.3798, 0.0482]","[0.4928, 0.4565]","[0.511, 0.3557]","[0.5222, 0.4951]","[0.5255, 0.5981]","[0.5934, 0.4875]","[0.6155, 0.3956]","[0.6073, 0.5129]","[0.5909, 0.6022]","[0.6828, 0.5342]","[0.7112, 0.4418]","[0.6884, 0.5109]","[0.6669, 0.5721]"
"[0.5619, 0.8717]","[0.4125, 0.8014]","[0.2719, 0.7064]","[0.1383, 0.6493]","[0.0241, 0.6333]","[0.3894, 0.4546]","[0.3757, 0.2599]","[0.376, 0.1471]","[0.3797, 0.0463]","[0.4934, 0.4571]","[0.5126, 0.3567]","[0.5236, 0.4963]","[0.5263, 0.5987]","[0.5935, 0.4878]","[0.6162, 0.3961]","[0.6077, 0.5154]","[0.5913, 0.605]","[0.6824, 0.5345]","[0.7111, 0.4422]","[0.6888, 0.5131]","[0.6679, 0.5753]"
"[0.5597, 0.8691]","[0.4113, 0.7985]","[0.2725, 0.7041]","[0.1392, 0.6468]","[0.0266, 0.6326]","[0.3897, 0.4527]","[0.3757, 0.2605]","[0.3754, 0.1484]","[0.3786, 0.048]","[0.4936, 0.4549]","[0.514, 0.3554]","[0.5233, 0.4957]","[0.5238, 0.5969]","[0.594, 0.4861]","[0.6186, 0.3955]","[0.6077, 0.5136]","[0.588, 0.6013]","[0.6822, 0.5335]","[0.7129, 0.4403]","[0.6882, 0.5098]","[0.6645, 0.5706]"
"[0.5613, 0.8682]","[0.4143, 0.8003]","[0.2719, 0.7022]","[0.139, 0.6453]","[0.0252, 0.6319]","[0.3903, 0.4535]","[0.3767, 0.2605]","[0.3768, 0.1476]","[0.3799, 0.047]","[0.4937, 0.4558]","[0.5152, 0.3541]","[0.5263, 0.4926]","[0.5271, 0.595]","[0.5931, 0.4862]","[0.618, 0.3951]","[0.6098, 0.5111]","[0.5916, 0.5991]","[0.6817, 0.5322]","[0.7119, 0.4401]","[0.6907, 0.5082]","[0.6681, 0.569]"
"[0.5616, 0.8703]","[0.4149, 0.8016]","[0.2761, 0.7051]","[0.1463, 0.6474]","[0.0359, 0.6292]","[0.3926, 0.4539]","[0.3784, 0.2594]","[0.3788, 0.1459]","[0.3825, 0.0456]","[0.4951, 0.4571]","[0.5151, 0.3583]","[0.5262, 0.4968]","[0.5276, 0.5974]","[0.5949, 0.4874]","[0.6186, 0.3945]","[0.6108, 0.5092]","[0.5933, 0.596]","[0.684, 0.534]","[0.7134, 0.4408]","[0.6913, 0.5068]","[0.6689, 0.5657]"
"[0.5662, 0.8675]","[0.4183, 0.7988]","[0.2836, 0.7084]","[0.1539, 0.6491]","[0.0451, 0.6261]","[0.3961, 0.4539]","[0.3799, 0.2597]","[0.3786, 0.146]","[0.3822, 0.0446]","[0.4975, 0.4564]","[0.5186, 0.3563]","[0.529, 0.4961]","[0.5305, 0.5959]","[0.5974, 0.4874]","[0.6229, 0.3933]","[0.6123, 0.5109]","[0.5936, 0.5975]","[0.6843, 0.5359]","[0.718, 0.4385]","[0.6925, 0.5074]","[0.6689, 0.5685]"
"[0.5684, 0.8673]","[0.4179, 0.7974]","[0.2815, 0.7068]","[0.1516, 0.6496]","[0.042, 0.6296]","[0.3973, 0.4523]","[0.3796, 0.2582]","[0.3775, 0.1457]","[0.3803, 0.0454]","[0.4999, 0.4538]","[0.5175, 0.3601]","[0.5298, 0.5002]","[0.5341, 0.6024]","[0.5997, 0.4828]","[0.6212, 0.3937]","[0.6124, 0.5114]","[0.5957, 0.5996]","[0.6863, 0.5276]","[0.7168, 0.4343]","[0.6917, 0.5048]","[0.6699, 0.5668]"
"[0.5696, 0.8664]","[0.4199, 0.7988]","[0.2835, 0.7074]","[0.1544, 0.6508]","[0.0442, 0.6297]","[0.3966, 0.4514]","[0.3817, 0.259]","[0.3811, 0.147]","[0.3846, 0.0474]","[0.4993, 0.4532]","[0.5184, 0.3575]","[0.5299, 0.4964]","[0.5317, 0.5971]","[0.5994, 0.4823]","[0.623, 0.3934]","[0.6138, 0.51]","[0.5953, 0.5969]","[0.6876, 0.5277]","[0.7185, 0.4339]","[0.6945, 0.503]","[0.6714, 0.5641]"
"[0.5711, 0.8654]","[0.4214, 0.7994]","[0.2821, 0.7053]","[0.1533, 0.6499]","[0.0425, 0.6319]","[0.3963, 0.4499]","[0.3816, 0.2573]","[0.381, 0.1457]","[0.3842, 0.0467]","[0.4997, 0.4519]","[0.5187, 0.356]","[0.5327, 0.4951]","[0.5368, 0.5971]","[0.5996, 0.4806]","[0.6223, 0.3923]","[0.6157, 0.5077]","[0.5992, 0.5941]","[0.6882, 0.5247]","[0.7184, 0.4298]","[0.6955, 0.4984]","[0.6731, 0.5599]"
"[0.5668, 0.8639]","[0.4197, 0.8004]","[0.2793, 0.7081]","[0.1535, 0.6514]","[0.0443, 0.6307]","[0.3954, 0.4549]","[0.3824, 0.26]","[0.3838, 0.1474]","[0.3866, 0.0467]","[0.4987, 0.4569]","[0.5207, 0.3551]","[0.5339, 0.4874]","[0.5343, 0.5867]","[0.5971, 0.4839]","[0.6262, 0.3959]","[0.6169, 0.5086]","[0.5955, 0.5946]","[0.6864, 0.5247]","[0.7174, 0.4353]","[0.6951, 0.5041]","[0.6689, 0.5658]"
"[0.5684, 0.8601]","[0.4216, 0.799]","[0.2806, 0.7085]","[0.1534, 0.653]","[0.0447, 0.6307]","[0.3961, 0.4566]","[0.3821, 0.2609]","[0.3829, 0.1478]","[0.3857, 0.0469]","[0.4991, 0.4574]","[0.5229, 0.3567]","[0.5381, 0.4907]","[0.539, 0.5893]","[0.5978, 0.4842]","[0.6278, 0.3973]","[0.62, 0.5096]","[0.598, 0.5932]","[0.6861, 0.5256]","[0.7181, 0.4377]","[0.6958, 0.5059]","[0.6684, 0.5653]"
"[0.5667, 0.8626]","[0.421, 0.7995]","[0.2809, 0.7091]","[0.1544, 0.6532]","[0.0455, 0.6313]","[0.3965, 0.4566]","[0.3828, 0.262]","[0.3833, 0.1484]","[0.3856, 0.0473]","[0.4998, 0.4581]","[0.5227, 0.3564]","[0.5366, 0.492]","[0.5372, 0.5906]","[0.5987, 0.4861]","[0.627, 0.3978]","[0.619, 0.511]","[0.5978, 0.5955]","[0.6866, 0.529]","[0.7165, 0.4397]","[0.6953, 0.5071]","[0.6701, 0.5658]"
"[0.5713, 0.8656]","[0.4245, 0.8008]","[0.2855, 0.7106]","[0.1557, 0.6545]","[0.0463, 0.633]","[0.3973, 0.4589]","[0.382, 0.2602]","[0.382, 0.1458]","[0.3845, 0.0439]","[0.4984, 0.4604]","[0.5211, 0.3599]","[0.5384, 0.496]","[0.5405, 0.5965]","[0.5973, 0.4882]","[0.6251, 0.3985]","[0.6198, 0.5144]","[0.5989, 0.6011]","[0.6838, 0.5315]","[0.7163, 0.4432]","[0.6954, 0.5129]","[0.6703, 0.5732]"
"[0.57, 0.8645]","[0.4231, 0.8013]","[0.2828, 0.7122]","[0.1544, 0.6552]","[0.0461, 0.6353]","[0.3956, 0.4587]","[0.383, 0.2629]","[0.3832, 0.1504]","[0.3871, 0.0493]","[0.499, 0.459]","[0.5222, 0.3589]","[0.5353, 0.4969]","[0.5376, 0.5987]","[0.5986, 0.4864]","[0.6268, 0.3976]","[0.618, 0.5133]","[0.598, 0.6002]","[0.6864, 0.5291]","[0.7182, 0.4386]","[0.6955, 0.5084]","[0.6711, 0.5691]"
"[0.5746, 0.8638]","[0.4248, 0.8041]","[0.2838, 0.7118]","[0.1566, 0.6554]","[0.0471, 0.6363]","[0.4003, 0.4589]","[0.3868, 0.2643]","[0.3866, 0.1499]","[0.3888, 0.0487]","[0.5034, 0.4596]","[0.5233, 0.3591]","[0.537, 0.4968]","[0.539, 0.5961]","[0.6028, 0.4874]","[0.6282, 0.3997]","[0.6219, 0.5137]","[0.6032, 0.5964]","[0.692, 0.5311]","[0.7212, 0.4416]","[0.6995, 0.5093]","[0.6749, 0.566]"
"[0.5751, 0.8646]","[0.429, 0.8055]","[0.287, 0.713]","[0.1585, 0.657]","[0.0479, 0.6363]","[0.3999, 0.4589]","[0.3868, 0.2645]","[0.3865, 0.1503]","[0.3888, 0.0493]","[0.5031, 0.4595]","[0.5262, 0.358]","[0.5412, 0.4965]","[0.543, 0.5966]","[0.6018, 0.4866]","[0.6301, 0.4007]","[0.6238, 0.5156]","[0.6037, 0.5986]","[0.6904, 0.5287]","[0.7214, 0.4403]","[0.7006, 0.5103]","[0.6747, 0.5688]"
"[0.5731, 0.8616]","[0.4271, 0.8036]","[0.2864, 0.7132]","[0.1578, 0.6568]","[0.0484, 0.6367]","[0.3992, 0.4579]","[0.3848, 0.2636]","[0.3838, 0.1496]","[0.3859, 0.0488]","[0.5025, 0.4581]","[0.5245, 0.3582]","[0.5402, 0.4962]","[0.5426, 0.5956]","[0.6016, 0.4848]","[0.6292, 0.399]","[0.6232, 0.5128]","[0.6033, 0.5953]","[0.6898, 0.5267]","[0.7209, 0.4387]","[0.6994, 0.5087]","[0.6734, 0.567]"
"[0.5753, 0.8646]","[0.4276, 0.802]","[0.2885, 0.7137]","[0.1572, 0.6578]","[0.0475, 0.6374]","[0.3996, 0.4585]","[0.3849, 0.2641]","[0.3835, 0.1499]","[0.3856, 0.0482]","[0.5018, 0.4579]","[0.5245, 0.3605]","[0.5394, 0.4998]","[0.5411, 0.598]","[0.6013, 0.4851]","[0.629, 0.3995]","[0.6219, 0.5168]","[0.6011, 0.5996]","[0.6873, 0.5288]","[0.721, 0.4416]","[0.6971, 0.5137]","[0.671, 0.5716]"
"[0.5743, 0.8637]","[0.4285, 0.8018]","[0.2891, 0.7144]","[0.1576, 0.6585]","[0.0484, 0.6377]","[0.3978, 0.4573]","[0.3831, 0.2626]","[0.3815, 0.1494]","[0.3836, 0.0486]","[0.5008, 0.4571]","[0.5247, 0.3599]","[0.5391, 0.4989]","[0.5403, 0.598]","[0.6003, 0.4842]","[0.6295, 0.3997]","[0.6219, 0.5168]","[0.6007, 0.6004]","[0.6866, 0.527]","[0.7218, 0.439]","[0.6981, 0.5117]","[0.6719, 0.5712]"
"[0.5726, 0.8644]","[0.4269, 0.8017]","[0.2879, 0.7136]","[0.1578, 0.6586]","[0.0487, 0.6375]","[0.3978, 0.4567]","[0.3828, 0.2626]","[0.3817, 0.1498]","[0.3837, 0.0497]","[0.5013, 0.4576]","[0.5239, 0.3611]","[0.5383, 0.4978]","[0.5386, 0.5964]","[0.6008, 0.4854]","[0.6291, 0.3991]","[0.6222, 0.514]","[0.6004, 0.5978]","[0.6872, 0.5288]","[0.7216, 0.4384]","[0.6991, 0.5099]","[0.6728, 0.5703]"
"[0.5708, 0.8648]","[0.4274, 0.8031]","[0.2886, 0.7136]","[0.1593, 0.6586]","[0.0492, 0.6368]","[0.3985, 0.4568]","[0.3831, 0.2619]","[0.382, 0.1486]","[0.3838, 0.048]","[0.5013, 0.4575]","[0.5232, 0.3611]","[0.5374, 0.4981]","[0.5374, 0.5976]","[0.5998, 0.4847]","[0.6296, 0.3989]","[0.6217, 0.5137]","[0.5995, 0.598]","[0.6864, 0.5272]","[0.7219, 0.4382]","[0.6993, 0.5095]","[0.6723, 0.57]"
"[0.5674, 0.8639]","[0.4243, 0.8046]","[0.2834, 0.714]","[0.1562, 0.6569]","[0.0458, 0.6353]","[0.3945, 0.4556]","[0.3809, 0.2607]","[0.3807, 0.149]","[0.384, 0.0481]","[0.4991, 0.4569]","[0.5248, 0.3584]","[0.5361, 0.4974]","[0.5351, 0.601]","[0.5974, 0.4847]","[0.6292, 0.3993]","[0.6187, 0.5175]","[0.5965, 0.6069]","[0.6844, 0.526]","[0.7184, 0.4367]","[0.6973, 0.5097]","[0.6718, 0.5738]"
"[0.5708, 0.8621]","[0.4271, 0.8009]","[0.2862, 0.7127]","[0.1563, 0.6562]","[0.0454, 0.6349]","[0.3949, 0.4553]","[0.3819, 0.2595]","[0.3813, 0.1476]","[0.3841, 0.0463]","[0.499, 0.4564]","[0.5265, 0.3589]","[0.5399, 0.4986]","[0.5395, 0.6014]","[0.5976, 0.4845]","[0.631, 0.3993]","[0.6221, 0.5191]","[0.5996, 0.6083]","[0.6834, 0.5265]","[0.7195, 0.4377]","[0.6992, 0.5115]","[0.6744, 0.5753]"
"[0.5689, 0.8617]","[0.4265, 0.8025]","[0.2851, 0.7126]","[0.157, 0.656]","[0.047, 0.6354]","[0.3946, 0.457]","[0.3823, 0.2621]","[0.3825, 0.1501]","[0.3855, 0.0491]","[0.4991, 0.4591]","[0.527, 0.3592]","[0.5372, 0.4959]","[0.534, 0.5973]","[0.5976, 0.487]","[0.631, 0.3999]","[0.6205, 0.5182]","[0.597, 0.6064]","[0.6848, 0.5287]","[0.7195, 0.4379]","[0.6993, 0.5101]","[0.6741, 0.5729]"
"[0.5714, 0.8609]","[0.4267, 0.7999]","[0.2873, 0.7134]","[0.1575, 0.6565]","[0.0468, 0.6344]","[0.3951, 0.4569]","[0.3819, 0.2613]","[0.3812, 0.1488]","[0.3845, 0.0464]","[0.499, 0.4592]","[0.5294, 0.3595]","[0.5398, 0.4978]","[0.5369, 0.599]","[0.5973, 0.4877]","[0.6319, 0.4016]","[0.622, 0.5212]","[0.5988, 0.6084]","[0.6825, 0.5299]","[0.7191, 0.4393]","[0.6984, 0.5132]","[0.6742, 0.5757]"
"[0.5714, 0.8619]","[0.4265, 0.8012]","[0.2861, 0.7129]","[0.1569, 0.6568]","[0.0462, 0.6354]","[0.3937, 0.4558]","[0.3807, 0.2617]","[0.3808, 0.1495]","[0.3844, 0.0487]","[0.4973, 0.4575]","[0.5269, 0.3596]","[0.5387, 0.4988]","[0.5368, 0.5994]","[0.5957, 0.4852]","[0.6292, 0.3994]","[0.62, 0.5204]","[0.5976, 0.6075]","[0.6818, 0.5276]","[0.717, 0.4394]","[0.6968, 0.515]","[0.6727, 0.5775]"
"[0.5723, 0.8642]","[0.4282, 0.8017]","[0.2894, 0.7116]","[0.1602, 0.656]","[0.0513, 0.635]","[0.3935, 0.4553]","[0.3809, 0.2625]","[0.381, 0.151]","[0.385, 0.0508]","[0.4966, 0.4572]","[0.5273, 0.3598]","[0.5392, 0.5013]","[0.5368, 0.6004]","[0.5956, 0.4853]","[0.6292, 0.3987]","[0.6196, 0.5207]","[0.5967, 0.6057]","[0.6818, 0.5288]","[0.7179, 0.4394]","[0.6961, 0.5151]","[0.6709, 0.5761]"
"[0.5731, 0.8632]","[0.4297, 0.8047]","[0.2886, 0.712]","[0.1602, 0.656]","[0.0517, 0.6353]","[0.3937, 0.4562]","[0.3809, 0.2624]","[0.3806, 0.1505]","[0.3843, 0.0502]","[0.4968, 0.4575]","[0.5273, 0.3609]","[0.5392, 0.5028]","[0.537, 0.6032]","[0.5955, 0.4842]","[0.6305, 0.3986]","[0.6198, 0.5213]","[0.5965, 0.6072]","[0.6828, 0.5261]","[0.7188, 0.4384]","[0.6968, 0.5145]","[0.6706, 0.5761]"
"[0.5734, 0.864]","[0.4305, 0.8056]","[0.2893, 0.7119]","[0.1621, 0.6558]","[0.0535, 0.6366]","[0.3945, 0.4563]","[0.3818, 0.263]","[0.3817, 0.1512]","[0.3858, 0.0516]","[0.4983, 0.4581]","[0.5315, 0.3626]","[0.5418, 0.5031]","[0.5383, 0.604]","[0.5971, 0.4846]","[0.6328, 0.4007]","[0.6218, 0.5213]","[0.5989, 0.6072]","[0.6853, 0.5256]","[0.7214, 0.4385]","[0.7001, 0.5129]","[0.6746, 0.5746]"
"[0.5739, 0.8632]","[0.4311, 0.8061]","[0.289, 0.7117]","[0.1633, 0.6551]","[0.0552, 0.6364]","[0.3955, 0.4562]","[0.3829, 0.2617]","[0.3826, 0.1496]","[0.3866, 0.0495]","[0.4998, 0.4584]","[0.5326, 0.3592]","[0.543, 0.4986]","[0.5401, 0.6011]","[0.5983, 0.4852]","[0.6349, 0.3999]","[0.6236, 0.5197]","[0.6005, 0.6074]","[0.6866, 0.5264]","[0.7223, 0.4378]","[0.7016, 0.512]","[0.6757, 0.576]"
"[0.5744, 0.8609]","[0.4318, 0.8047]","[0.2911, 0.713]","[0.1644, 0.6564]","[0.0548, 0.636]","[0.3966, 0.4554]","[0.3836, 0.2613]","[0.3834, 0.1496]","[0.3871, 0.0495]","[0.5005, 0.4576]","[0.5311, 0.3593]","[0.5418, 0.4991]","[0.5388, 0.6002]","[0.599, 0.4849]","[0.6337, 0.399]","[0.6233, 0.5181]","[0.6002, 0.6043]","[0.6865, 0.527]","[0.7222, 0.4371]","[0.7015, 0.5114]","[0.6756, 0.5744]"
"[0.5757, 0.8599]","[0.431, 0.8016]","[0.29, 0.7112]","[0.162, 0.6552]","[0.0521, 0.6361]","[0.3971, 0.456]","[0.3827, 0.2612]","[0.3817, 0.1491]","[0.3852, 0.048]","[0.5, 0.4576]","[0.5297, 0.3605]","[0.5416, 0.4993]","[0.5405, 0.5998]","[0.5977, 0.4844]","[0.6315, 0.3996]","[0.6215, 0.5185]","[0.5995, 0.6049]","[0.6839, 0.5264]","[0.72, 0.4378]","[0.6984, 0.5116]","[0.6732, 0.5743]"
"[0.5772, 0.8608]","[0.4312, 0.8003]","[0.2927, 0.7131]","[0.1634, 0.6568]","[0.0536, 0.6359]","[0.3967, 0.456]","[0.3822, 0.2623]","[0.3815, 0.1512]","[0.3856, 0.0503]","[0.4993, 0.457]","[0.5306, 0.3617]","[0.5423, 0.5003]","[0.5408, 0.5995]","[0.5978, 0.484]","[0.6319, 0.4006]","[0.622, 0.5201]","[0.5996, 0.6051]","[0.683, 0.5261]","[0.7199, 0.4389]","[0.6972, 0.514]","[0.6724, 0.5755]"
"[0.5768, 0.8721]","[0.4292, 0.8077]","[0.2886, 0.7147]","[0.1644, 0.6555]","[0.0567, 0.6361]","[0.3963, 0.4583]","[0.3839, 0.2657]","[0.3844, 0.1543]","[0.3872, 0.0546]","[0.4995, 0.4592]","[0.5275, 0.362]","[0.5353, 0.5014]","[0.5298, 0.6026]","[0.5982, 0.4852]","[0.6298, 0.3978]","[0.6173, 0.5158]","[0.5941, 0.6037]","[0.6845, 0.5262]","[0.7179, 0.4355]","[0.6959, 0.5075]","[0.6719, 0.5702]"
"[0.5766, 0.8681]","[0.4315, 0.8068]","[0.2901, 0.7156]","[0.1665, 0.6579]","[0.0597, 0.6353]","[0.3978, 0.4543]","[0.3845, 0.2621]","[0.3844, 0.1518]","[0.3868, 0.0536]","[0.5024, 0.4555]","[0.5271, 0.3583]","[0.535, 0.5009]","[0.5315, 0.6028]","[0.6016, 0.4827]","[0.6316, 0.3968]","[0.6188, 0.5177]","[0.5964, 0.6053]","[0.6898, 0.5249]","[0.7226, 0.4336]","[0.6994, 0.5078]","[0.6736, 0.5713]"
"[0.5787, 0.8691]","[0.433, 0.8063]","[0.2921, 0.7149]","[0.1669, 0.6561]","[0.0584, 0.6353]","[0.3996, 0.4552]","[0.3859, 0.2607]","[0.3862, 0.1497]","[0.3895, 0.0505]","[0.5034, 0.4566]","[0.5298, 0.3591]","[0.5376, 0.4993]","[0.5335, 0.6017]","[0.6017, 0.4836]","[0.634, 0.3958]","[0.6209, 0.5164]","[0.5976, 0.6064]","[0.6884, 0.5251]","[0.7232, 0.4343]","[0.701, 0.509]","[0.6758, 0.5744]"
"[0.5777, 0.8694]","[0.4288, 0.8029]","[0.288, 0.7135]","[0.1618, 0.6548]","[0.0534, 0.6365]","[0.4, 0.4584]","[0.3851, 0.2617]","[0.3847, 0.1496]","[0.3886, 0.0495]","[0.5033, 0.4595]","[0.5272, 0.3629]","[0.5362, 0.503]","[0.5363, 0.6058]","[0.6017, 0.4869]","[0.629, 0.3966]","[0.6189, 0.5162]","[0.6005, 0.6061]","[0.6871, 0.5291]","[0.7202, 0.4342]","[0.6986, 0.5062]","[0.6774, 0.571]"
"[0.5754, 0.8719]","[0.4287, 0.808]","[0.2864, 0.714]","[0.1605, 0.6554]","[0.0517, 0.6376]","[0.3974, 0.4568]","[0.3813, 0.2608]","[0.3813, 0.1497]","[0.3859, 0.0503]","[0.5011, 0.4571]","[0.5248, 0.3629]","[0.5361, 0.5047]","[0.5377, 0.6092]","[0.5995, 0.4836]","[0.6269, 0.3972]","[0.617, 0.5178]","[0.5991, 0.6087]","[0.6867, 0.525]","[0.7193, 0.432]","[0.6975, 0.5045]","[0.6749, 0.57]"
"[0.5751, 0.8727]","[0.4292, 0.8078]","[0.2884, 0.7152]","[0.1603, 0.6571]","[0.0515, 0.6379]","[0.3962, 0.4578]","[0.379, 0.261]","[0.3788, 0.1491]","[0.3832, 0.0492]","[0.4992, 0.458]","[0.5238, 0.3633]","[0.5354, 0.5046]","[0.5362, 0.6088]","[0.5973, 0.4847]","[0.6262, 0.3989]","[0.6163, 0.5202]","[0.5973, 0.6106]","[0.6832, 0.5263]","[0.7183, 0.4336]","[0.6962, 0.5069]","[0.6729, 0.5724]"
"[0.5734, 0.8693]","[0.4274, 0.806]","[0.285, 0.7152]","[0.1573, 0.657]","[0.049, 0.6377]","[0.3935, 0.4579]","[0.3764, 0.2606]","[0.3756, 0.1492]","[0.3802, 0.0491]","[0.4967, 0.4579]","[0.5219, 0.3629]","[0.5344, 0.5041]","[0.5378, 0.6088]","[0.5946, 0.4844]","[0.6242, 0.3982]","[0.6154, 0.5206]","[0.5983, 0.6118]","[0.6799, 0.5253]","[0.7163, 0.4333]","[0.6944, 0.507]","[0.672, 0.5728]"
"[0.5739, 0.8691]","[0.4264, 0.8045]","[0.2848, 0.7139]","[0.1566, 0.6565]","[0.0488, 0.6374]","[0.3925, 0.4568]","[0.377, 0.2602]","[0.3765, 0.1489]","[0.3806, 0.049]","[0.4955, 0.457]","[0.5203, 0.365]","[0.5321, 0.5071]","[0.5342, 0.6104]","[0.5941, 0.4834]","[0.6213, 0.3984]","[0.6124, 0.5217]","[0.5953, 0.6114]","[0.6802, 0.5244]","[0.7139, 0.4331]","[0.6914, 0.5076]","[0.6702, 0.5718]"
"[0.5735, 0.8723]","[0.4259, 0.8045]","[0.2851, 0.7138]","[0.1565, 0.6561]","[0.0491, 0.6367]","[0.3921, 0.4573]","[0.3769, 0.2613]","[0.3767, 0.1499]","[0.3808, 0.0497]","[0.4954, 0.4571]","[0.5193, 0.3645]","[0.5316, 0.5063]","[0.5334, 0.6081]","[0.5949, 0.4838]","[0.6218, 0.3979]","[0.6127, 0.5207]","[0.5944, 0.6094]","[0.6813, 0.5261]","[0.7147, 0.4341]","[0.6915, 0.5084]","[0.6694, 0.5714]"
"[0.5707, 0.8687]","[0.4248, 0.803]","[0.2846, 0.715]","[0.1578, 0.6573]","[0.0512, 0.6359]","[0.3921, 0.4573]","[0.3776, 0.2618]","[0.3775, 0.1509]","[0.3822, 0.0508]","[0.4959, 0.4575]","[0.5206, 0.3631]","[0.5309, 0.5042]","[0.532, 0.6061]","[0.5948, 0.4848]","[0.6232, 0.3973]","[0.6125, 0.5199]","[0.5936, 0.6097]","[0.6806, 0.5271]","[0.7154, 0.4336]","[0.6924, 0.508]","[0.67, 0.5726]"
"[0.5707, 0.8708]","[0.425, 0.8056]","[0.2842, 0.7146]","[0.1578, 0.6563]","[0.0509, 0.6352]","[0.3906, 0.4576]","[0.3752, 0.2621]","[0.3759, 0.1511]","[0.3809, 0.0511]","[0.4945, 0.4578]","[0.5212, 0.3631]","[0.5328, 0.5034]","[0.5321, 0.6047]","[0.5933, 0.4841]","[0.6232, 0.398]","[0.6133, 0.5209]","[0.5927, 0.6097]","[0.679, 0.5252]","[0.715, 0.4346]","[0.6932, 0.5106]","[0.6695, 0.5749]"
"[0.5708, 0.8688]","[0.424, 0.8033]","[0.2831, 0.714]","[0.1571, 0.6558]","[0.0507, 0.6355]","[0.3922, 0.4589]","[0.3776, 0.2626]","[0.3773, 0.1512]","[0.3817, 0.0508]","[0.4957, 0.4596]","[0.5221, 0.3647]","[0.5315, 0.5046]","[0.5309, 0.6063]","[0.594, 0.4861]","[0.6222, 0.3994]","[0.6123, 0.5211]","[0.5933, 0.6099]","[0.6799, 0.5271]","[0.7139, 0.4348]","[0.6922, 0.5092]","[0.6706, 0.5735]"
"[0.5731, 0.8663]","[0.4264, 0.8069]","[0.2831, 0.7141]","[0.1572, 0.6571]","[0.0501, 0.6359]","[0.3911, 0.4553]","[0.3767, 0.2626]","[0.3769, 0.1518]","[0.3795, 0.0526]","[0.4951, 0.4559]","[0.52, 0.3616]","[0.5298, 0.5027]","[0.5267, 0.6013]","[0.5937, 0.4813]","[0.6238, 0.4019]","[0.6132, 0.524]","[0.5907, 0.6071]","[0.6806, 0.5208]","[0.7145, 0.4365]","[0.6925, 0.5129]","[0.6672, 0.5728]"
"[0.5732, 0.8677]","[0.4256, 0.8067]","[0.2819, 0.7145]","[0.1557, 0.6569]","[0.0488, 0.636]","[0.3909, 0.4573]","[0.3772, 0.2645]","[0.3776, 0.153]","[0.3804, 0.0527]","[0.4951, 0.4572]","[0.5192, 0.3642]","[0.5281, 0.5034]","[0.5245, 0.6023]","[0.5939, 0.4817]","[0.6228, 0.4031]","[0.612, 0.5244]","[0.5898, 0.6088]","[0.6805, 0.52]","[0.7126, 0.4364]","[0.6909, 0.513]","[0.6668, 0.5741]"
"[0.5706, 0.8671]","[0.4246, 0.8092]","[0.2818, 0.7165]","[0.1562, 0.6591]","[0.0493, 0.6383]","[0.3914, 0.4591]","[0.3773, 0.2661]","[0.3772, 0.1543]","[0.3796, 0.0544]","[0.495, 0.4591]","[0.5196, 0.3655]","[0.5295, 0.5065]","[0.5259, 0.6043]","[0.5935, 0.4834]","[0.6234, 0.4048]","[0.6128, 0.5266]","[0.5899, 0.6091]","[0.6809, 0.5221]","[0.7135, 0.4389]","[0.6914, 0.5158]","[0.6659, 0.5754]"
"[0.5729, 0.8642]","[0.4243, 0.8045]","[0.2811, 0.7153]","[0.1531, 0.6583]","[0.0462, 0.6394]","[0.3918, 0.4585]","[0.3772, 0.2652]","[0.3772, 0.1544]","[0.3804, 0.0545]","[0.4958, 0.4585]","[0.5184, 0.3676]","[0.5283, 0.5088]","[0.5273, 0.6069]","[0.5948, 0.4833]","[0.6228, 0.4056]","[0.612, 0.5267]","[0.5907, 0.6095]","[0.6816, 0.5218]","[0.7142, 0.4384]","[0.6903, 0.5143]","[0.6658, 0.5728]"
"[0.5721, 0.8627]","[0.4244, 0.8041]","[0.2823, 0.7158]","[0.1563, 0.6586]","[0.0492, 0.6385]","[0.3903, 0.4581]","[0.3766, 0.2656]","[0.3768, 0.1542]","[0.3794, 0.0539]","[0.4944, 0.4588]","[0.5196, 0.3657]","[0.5297, 0.5059]","[0.5263, 0.6038]","[0.5935, 0.4842]","[0.6234, 0.4054]","[0.6127, 0.528]","[0.589, 0.612]","[0.6805, 0.5236]","[0.7129, 0.4398]","[0.6911, 0.5174]","[0.6661, 0.5776]"
"[0.5724, 0.8664]","[0.4251, 0.8024]","[0.2842, 0.715]","[0.1559, 0.6566]","[0.0481, 0.6373]","[0.3907, 0.4589]","[0.3774, 0.2642]","[0.3772, 0.1537]","[0.3802, 0.0532]","[0.4944, 0.4597]","[0.5203, 0.368]","[0.5322, 0.5068]","[0.5322, 0.6057]","[0.5932, 0.4862]","[0.6223, 0.4048]","[0.6136, 0.5261]","[0.5929, 0.612]","[0.6783, 0.5268]","[0.7125, 0.4394]","[0.6905, 0.5158]","[0.6672, 0.5776]"
"[0.5721, 0.8673]","[0.4245, 0.8039]","[0.2836, 0.7156]","[0.157, 0.6577]","[0.05, 0.6381]","[0.3901, 0.4596]","[0.3768, 0.2645]","[0.3768, 0.1542]","[0.3805, 0.0532]","[0.4942, 0.4606]","[0.5209, 0.3674]","[0.5314, 0.5063]","[0.5305, 0.6059]","[0.5926, 0.4869]","[0.6221, 0.4058]","[0.6128, 0.5263]","[0.5925, 0.6116]","[0.6781, 0.5268]","[0.7123, 0.4382]","[0.6904, 0.5138]","[0.6674, 0.5758]"
"[0.5731, 0.8692]","[0.4244, 0.8031]","[0.2841, 0.7157]","[0.1552, 0.6582]","[0.0487, 0.6389]","[0.3908, 0.4574]","[0.3759, 0.2634]","[0.3756, 0.1537]","[0.3791, 0.054]","[0.4942, 0.458]","[0.5186, 0.3672]","[0.5301, 0.5069]","[0.5297, 0.6059]","[0.5936, 0.4851]","[0.6207, 0.4042]","[0.6116, 0.5253]","[0.5907, 0.6094]","[0.6785, 0.5266]","[0.7128, 0.4381]","[0.6889, 0.5143]","[0.6654, 0.575]"
"[0.572, 0.8716]","[0.4249, 0.8031]","[0.2846, 0.716]","[0.1559, 0.6583]","[0.0494, 0.6387]","[0.39, 0.4578]","[0.3745, 0.2645]","[0.3734, 0.1549]","[0.377, 0.0549]","[0.4937, 0.4585]","[0.5184, 0.3657]","[0.5285, 0.5055]","[0.5285, 0.6057]","[0.5932, 0.4861]","[0.6211, 0.4039]","[0.6107, 0.5238]","[0.5904, 0.6089]","[0.6786, 0.528]","[0.7132, 0.4384]","[0.6885, 0.5133]","[0.6656, 0.5744]"
"[0.5724, 0.8693]","[0.4242, 0.8026]","[0.2848, 0.7168]","[0.1561, 0.6597]","[0.0494, 0.639]","[0.3903, 0.457]","[0.3745, 0.263]","[0.3732, 0.1532]","[0.3768, 0.0535]","[0.4933, 0.4589]","[0.5174, 0.3665]","[0.5289, 0.5047]","[0.5304, 0.6047]","[0.5924, 0.4872]","[0.6205, 0.4038]","[0.6107, 0.5226]","[0.5907, 0.6079]","[0.6783, 0.5295]","[0.7135, 0.4379]","[0.6887, 0.511]","[0.6653, 0.5727]"
"[0.5726, 0.8676]","[0.4262, 0.8046]","[0.2847, 0.7163]","[0.1561, 0.6601]","[0.0493, 0.6392]","[0.3891, 0.4576]","[0.3737, 0.264]","[0.373, 0.154]","[0.3771, 0.0541]","[0.4923, 0.4586]","[0.5169, 0.3664]","[0.5274, 0.504]","[0.5279, 0.6055]","[0.5909, 0.4852]","[0.6203, 0.4045]","[0.6098, 0.5239]","[0.5893, 0.6108]","[0.6773, 0.5252]","[0.712, 0.4372]","[0.6884, 0.5111]","[0.6651, 0.5736]"
"[0.5729, 0.8689]","[0.4251, 0.8031]","[0.2847, 0.7166]","[0.1567, 0.6598]","[0.0501, 0.6392]","[0.3895, 0.4579]","[0.3751, 0.2642]","[0.3742, 0.1544]","[0.3774, 0.0544]","[0.4931, 0.4584]","[0.5148, 0.3669]","[0.5258, 0.5057]","[0.5276, 0.6062]","[0.5922, 0.4851]","[0.6189, 0.4047]","[0.6087, 0.5256]","[0.589, 0.6121]","[0.6783, 0.5259]","[0.712, 0.4381]","[0.6875, 0.5137]","[0.6646, 0.5759]"
"[0.5656, 0.8606]","[0.4192, 0.8024]","[0.278, 0.7129]","[0.1533, 0.6575]","[0.0473, 0.6402]","[0.3866, 0.4549]","[0.3732, 0.2618]","[0.373, 0.1512]","[0.3771, 0.0522]","[0.4921, 0.4566]","[0.5164, 0.3661]","[0.5257, 0.5012]","[0.5253, 0.6038]","[0.5911, 0.4822]","[0.6198, 0.4069]","[0.6088, 0.526]","[0.5887, 0.6142]","[0.6786, 0.521]","[0.7104, 0.4372]","[0.69, 0.5117]","[0.6681, 0.5756]"
"[0.5701, 0.8602]","[0.4223, 0.7985]","[0.2829, 0.7122]","[0.1545, 0.6574]","[0.0452, 0.6371]","[0.3893, 0.454]","[0.3762, 0.261]","[0.3767, 0.1503]","[0.38, 0.0504]","[0.4924, 0.4568]","[0.5173, 0.3644]","[0.5287, 0.4978]","[0.5278, 0.5998]","[0.5901, 0.4843]","[0.6193, 0.4083]","[0.6093, 0.5287]","[0.5873, 0.6177]","[0.6763, 0.5255]","[0.7089, 0.4411]","[0.6887, 0.5176]","[0.6657, 0.5831]"
"[0.5699, 0.8612]","[0.4236, 0.8025]","[0.2822, 0.7133]","[0.1553, 0.6583]","[0.0453, 0.6393]","[0.3871, 0.4577]","[0.3739, 0.266]","[0.3742, 0.1547]","[0.378, 0.0547]","[0.4912, 0.4594]","[0.5145, 0.3651]","[0.5253, 0.4989]","[0.525, 0.6011]","[0.5896, 0.4857]","[0.6177, 0.4077]","[0.6079, 0.5257]","[0.5871, 0.6144]","[0.678, 0.5261]","[0.7094, 0.4393]","[0.6893, 0.5123]","[0.6653, 0.5762]"
"[0.5651, 0.8632]","[0.4198, 0.8021]","[0.2793, 0.7146]","[0.1544, 0.6593]","[0.0475, 0.6389]","[0.3852, 0.4552]","[0.371, 0.2633]","[0.3712, 0.1527]","[0.3745, 0.0541]","[0.4896, 0.4577]","[0.5105, 0.3643]","[0.5227, 0.5001]","[0.5236, 0.6023]","[0.5883, 0.4849]","[0.6156, 0.4055]","[0.6068, 0.524]","[0.5867, 0.6129]","[0.675, 0.5261]","[0.7064, 0.4381]","[0.6866, 0.5117]","[0.6638, 0.5759]"
"[0.5656, 0.8624]","[0.4209, 0.803]","[0.2805, 0.7155]","[0.1541, 0.6597]","[0.0453, 0.6387]","[0.3853, 0.4551]","[0.3706, 0.2615]","[0.3707, 0.1511]","[0.3745, 0.0518]","[0.4892, 0.4561]","[0.511, 0.3656]","[0.5244, 0.503]","[0.5258, 0.605]","[0.5878, 0.4825]","[0.615, 0.4059]","[0.6069, 0.525]","[0.5867, 0.6127]","[0.6742, 0.5232]","[0.7075, 0.4378]","[0.6868, 0.5123]","[0.6624, 0.5754]"
"[0.5668, 0.8616]","[0.4228, 0.804]","[0.2823, 0.7156]","[0.1566, 0.6595]","[0.048, 0.6388]","[0.3861, 0.4577]","[0.3729, 0.2627]","[0.3732, 0.1519]","[0.3767, 0.0519]","[0.4902, 0.4583]","[0.5142, 0.3679]","[0.5267, 0.5027]","[0.526, 0.6036]","[0.5886, 0.4838]","[0.616, 0.408]","[0.6087, 0.5249]","[0.5879, 0.6108]","[0.6753, 0.5227]","[0.7088, 0.4375]","[0.6885, 0.5105]","[0.6633, 0.5727]"
"[0.5705, 0.8625]","[0.4241, 0.8017]","[0.2831, 0.714]","[0.1564, 0.6578]","[0.0476, 0.6384]","[0.387, 0.4568]","[0.3727, 0.2626]","[0.3731, 0.1523]","[0.3779, 0.0521]","[0.4904, 0.4578]","[0.5146, 0.3654]","[0.5286, 0.5013]","[0.5312, 0.6036]","[0.5884, 0.4837]","[0.6169, 0.4065]","[0.6096, 0.5246]","[0.5908, 0.6128]","[0.6743, 0.5235]","[0.708, 0.4372]","[0.6875, 0.5114]","[0.6646, 0.576]"
"[0.5699, 0.8647]","[0.4239, 0.8029]","[0.2824, 0.7142]","[0.1564, 0.6575]","[0.0485, 0.6375]","[0.3852, 0.459]","[0.3707, 0.2638]","[0.3711, 0.1524]","[0.3759, 0.0519]","[0.4891, 0.4598]","[0.5148, 0.3665]","[0.528, 0.5016]","[0.5293, 0.6042]","[0.5876, 0.485]","[0.6172, 0.4058]","[0.6094, 0.5247]","[0.5899, 0.6139]","[0.6738, 0.5245]","[0.7084, 0.4372]","[0.6886, 0.5116]","[0.6657, 0.5768]"
"[0.5701, 0.8663]","[0.4238, 0.8023]","[0.2831, 0.7143]","[0.1559, 0.6587]","[0.0494, 0.6386]","[0.3858, 0.4587]","[0.3706, 0.2639]","[0.3704, 0.153]","[0.3754, 0.0531]","[0.4898, 0.4588]","[0.5148, 0.3676]","[0.5276, 0.5044]","[0.5298, 0.6077]","[0.5889, 0.4842]","[0.6176, 0.4055]","[0.609, 0.5249]","[0.59, 0.6138]","[0.6751, 0.524]","[0.7102, 0.4376]","[0.6882, 0.5124]","[0.6648, 0.5766]"
"[0.5708, 0.8675]","[0.4246, 0.803]","[0.2839, 0.7152]","[0.1566, 0.659]","[0.0497, 0.6379]","[0.3866, 0.4592]","[0.3713, 0.2639]","[0.3711, 0.1527]","[0.376, 0.0523]","[0.4905, 0.4599]","[0.5146, 0.3674]","[0.5279, 0.505]","[0.5314, 0.61]","[0.589, 0.4853]","[0.6173, 0.4082]","[0.6091, 0.5309]","[0.5915, 0.6223]","[0.6749, 0.5246]","[0.7088, 0.4386]","[0.6885, 0.5151]","[0.6677, 0.5813]"
"[0.5677, 0.8682]","[0.4236, 0.8076]","[0.2817, 0.7165]","[0.157, 0.6595]","[0.0517, 0.6376]","[0.3852, 0.4609]","[0.3716, 0.2669]","[0.3712, 0.1557]","[0.3752, 0.056]","[0.4899, 0.4607]","[0.512, 0.3688]","[0.5254, 0.5064]","[0.5285, 0.6096]","[0.5892, 0.4851]","[0.6155, 0.4075]","[0.6076, 0.5283]","[0.5899, 0.6169]","[0.6765, 0.5236]","[0.7082, 0.4375]","[0.6874, 0.5132]","[0.6654, 0.5776]"
"[0.5644, 0.8643]","[0.4209, 0.8044]","[0.28, 0.7157]","[0.1557, 0.6598]","[0.0496, 0.6398]","[0.386, 0.4586]","[0.3709, 0.2647]","[0.3707, 0.1539]","[0.3753, 0.0549]","[0.4905, 0.4591]","[0.5122, 0.3674]","[0.5258, 0.5047]","[0.5302, 0.6082]","[0.5893, 0.4846]","[0.6159, 0.4059]","[0.6071, 0.5222]","[0.5896, 0.61]","[0.6767, 0.5238]","[0.709, 0.4363]","[0.6866, 0.5081]","[0.6635, 0.5714]"
"[0.5683, 0.8651]","[0.4216, 0.8018]","[0.2809, 0.7138]","[0.1539, 0.657]","[0.0454, 0.6384]","[0.3878, 0.4601]","[0.3731, 0.2652]","[0.3728, 0.1537]","[0.3777, 0.0522]","[0.4905, 0.4605]","[0.5142, 0.3664]","[0.5269, 0.5058]","[0.5312, 0.61]","[0.5882, 0.4862]","[0.6159, 0.4083]","[0.6063, 0.5307]","[0.5886, 0.6209]","[0.6739, 0.5256]","[0.706, 0.4381]","[0.6847, 0.5134]","[0.663, 0.5785]"
"[0.5658, 0.8664]","[0.4207, 0.8042]","[0.2811, 0.7143]","[0.1552, 0.657]","[0.0467, 0.6392]","[0.386, 0.4601]","[0.3726, 0.2666]","[0.3728, 0.1549]","[0.3775, 0.0539]","[0.4891, 0.4612]","[0.5101, 0.3679]","[0.5232, 0.5073]","[0.5281, 0.6114]","[0.5875, 0.4878]","[0.614, 0.4095]","[0.6047, 0.5322]","[0.5873, 0.6228]","[0.6746, 0.5283]","[0.7053, 0.4401]","[0.6844, 0.5151]","[0.6631, 0.58]"
"[0.5702, 0.8679]","[0.4224, 0.803]","[0.2826, 0.7156]","[0.1546, 0.6589]","[0.0451, 0.6398]","[0.3862, 0.4602]","[0.3717, 0.2651]","[0.3722, 0.1545]","[0.3769, 0.054]","[0.489, 0.4605]","[0.5113, 0.3699]","[0.525, 0.5089]","[0.5293, 0.6121]","[0.587, 0.4864]","[0.6141, 0.4108]","[0.6044, 0.5344]","[0.5857, 0.6245]","[0.6717, 0.5265]","[0.7049, 0.4417]","[0.6825, 0.5189]","[0.6601, 0.5842]"
"[0.5674, 0.8686]","[0.422, 0.8061]","[0.2817, 0.7163]","[0.1553, 0.6587]","[0.049, 0.6402]","[0.3844, 0.4595]","[0.3711, 0.2648]","[0.3724, 0.1536]","[0.3781, 0.0532]","[0.4879, 0.4599]","[0.5117, 0.3681]","[0.5247, 0.506]","[0.5273, 0.6094]","[0.5869, 0.4857]","[0.6144, 0.4097]","[0.6055, 0.5318]","[0.5864, 0.621]","[0.6739, 0.5259]","[0.7066, 0.4401]","[0.6854, 0.5162]","[0.6631, 0.581]"
"[0.5675, 0.8696]","[0.4208, 0.8062]","[0.2799, 0.7141]","[0.1548, 0.6575]","[0.0488, 0.6394]","[0.3852, 0.4587]","[0.3721, 0.2654]","[0.3725, 0.1551]","[0.3774, 0.0556]","[0.4886, 0.46]","[0.512, 0.3701]","[0.5248, 0.5079]","[0.5277, 0.6114]","[0.5869, 0.4862]","[0.6137, 0.4117]","[0.6049, 0.5335]","[0.587, 0.6224]","[0.6738, 0.5263]","[0.7058, 0.4398]","[0.6853, 0.5151]","[0.6646, 0.58]"
"[0.5736, 0.8707]","[0.4255, 0.8075]","[0.2813, 0.7141]","[0.1559, 0.6566]","[0.0494, 0.6384]","[0.387, 0.4649]","[0.374, 0.2674]","[0.3754, 0.1558]","[0.3817, 0.0555]","[0.4903, 0.4648]","[0.5136, 0.3729]","[0.5276, 0.5119]","[0.5327, 0.6165]","[0.588, 0.4883]","[0.6144, 0.412]","[0.6062, 0.5357]","[0.5901, 0.6279]","[0.6749, 0.5249]","[0.7067, 0.4394]","[0.687, 0.5143]","[0.6665, 0.5811]"
"[0.5706, 0.8702]","[0.4273, 0.8079]","[0.2849, 0.7154]","[0.1574, 0.6569]","[0.0499, 0.6408]","[0.3882, 0.4649]","[0.3764, 0.2673]","[0.3776, 0.1551]","[0.383, 0.0546]","[0.4918, 0.4646]","[0.5129, 0.3735]","[0.5276, 0.5116]","[0.5335, 0.6153]","[0.5897, 0.488]","[0.6152, 0.4135]","[0.6076, 0.5364]","[0.5917, 0.6279]","[0.6769, 0.5253]","[0.7077, 0.4403]","[0.6877, 0.5159]","[0.6674, 0.5828]"
"[0.5709, 0.8699]","[0.4274, 0.8082]","[0.2846, 0.7157]","[0.1583, 0.6588]","[0.0507, 0.6402]","[0.3876, 0.4646]","[0.375, 0.268]","[0.376, 0.1566]","[0.3821, 0.0561]","[0.491, 0.4644]","[0.515, 0.3729]","[0.5295, 0.5117]","[0.5349, 0.6165]","[0.5885, 0.488]","[0.6157, 0.4123]","[0.6086, 0.5348]","[0.5933, 0.6266]","[0.6758, 0.5245]","[0.7078, 0.4398]","[0.6892, 0.5148]","[0.6695, 0.581]"
"[0.5735, 0.8699]","[0.4296, 0.811]","[0.2863, 0.7162]","[0.1599, 0.6588]","[0.0525, 0.6402]","[0.3885, 0.463]","[0.3765, 0.2675]","[0.3774, 0.156]","[0.3831, 0.0559]","[0.4914, 0.4628]","[0.5169, 0.3728]","[0.5309, 0.5109]","[0.5347, 0.6133]","[0.5891, 0.4861]","[0.6178, 0.413]","[0.6097, 0.5348]","[0.5929, 0.6234]","[0.6772, 0.523]","[0.7093, 0.4418]","[0.6894, 0.5179]","[0.6685, 0.5825]"
"[0.5736, 0.871]","[0.4291, 0.8112]","[0.2853, 0.7157]","[0.1595, 0.6575]","[0.0526, 0.6418]","[0.39, 0.4619]","[0.377, 0.2677]","[0.3791, 0.1562]","[0.3854, 0.0576]","[0.4929, 0.4623]","[0.5145, 0.3721]","[0.5285, 0.5091]","[0.5332, 0.6128]","[0.5912, 0.4862]","[0.6172, 0.4115]","[0.6094, 0.531]","[0.5936, 0.6215]","[0.6808, 0.5243]","[0.7102, 0.4397]","[0.6908, 0.5126]","[0.6706, 0.5785]"
"[0.5756, 0.8725]","[0.4306, 0.8117]","[0.2871, 0.7171]","[0.1615, 0.659]","[0.0543, 0.6405]","[0.3909, 0.4631]","[0.3777, 0.2678]","[0.3793, 0.1563]","[0.3852, 0.0572]","[0.4939, 0.4635]","[0.517, 0.3718]","[0.5307, 0.5092]","[0.5348, 0.6134]","[0.5916, 0.4873]","[0.6192, 0.4126]","[0.6109, 0.5339]","[0.5944, 0.6252]","[0.6801, 0.5246]","[0.7108, 0.441]","[0.6911, 0.5159]","[0.67, 0.5829]"
"[0.5743, 0.8726]","[0.4298, 0.8118]","[0.2866, 0.7177]","[0.1604, 0.6596]","[0.0538, 0.6427]","[0.3907, 0.4633]","[0.3778, 0.2684]","[0.3796, 0.1568]","[0.3849, 0.0577]","[0.4939, 0.4644]","[0.5149, 0.3744]","[0.5295, 0.5104]","[0.5338, 0.6142]","[0.5921, 0.4889]","[0.6168, 0.4162]","[0.6105, 0.5367]","[0.595, 0.6275]","[0.6803, 0.527]","[0.7103, 0.4427]","[0.6915, 0.5176]","[0.6712, 0.5848]"
"[0.5779, 0.8769]","[0.4264, 0.8046]","[0.285, 0.7195]","[0.1572, 0.6596]","[0.0513, 0.6406]","[0.393, 0.4642]","[0.3796, 0.2665]","[0.3796, 0.156]","[0.3848, 0.0551]","[0.4957, 0.465]","[0.521, 0.3734]","[0.5307, 0.5151]","[0.5317, 0.6194]","[0.5946, 0.492]","[0.6235, 0.4126]","[0.6118, 0.5401]","[0.5903, 0.6313]","[0.678, 0.5348]","[0.7146, 0.4467]","[0.69, 0.5264]","[0.6661, 0.5921]"
"[0.5762, 0.8791]","[0.4299, 0.8056]","[0.2894, 0.7199]","[0.1613, 0.6601]","[0.0554, 0.6403]","[0.3929, 0.4649]","[0.3794, 0.2669]","[0.3809, 0.1566]","[0.388, 0.0565]","[0.4962, 0.4653]","[0.5205, 0.3738]","[0.5313, 0.5157]","[0.5345, 0.6209]","[0.5947, 0.4916]","[0.6227, 0.413]","[0.6115, 0.5396]","[0.5923, 0.6328]","[0.6784, 0.5332]","[0.7145, 0.4448]","[0.6909, 0.5227]","[0.6684, 0.5899]"
"[0.573, 0.876]","[0.4282, 0.8073]","[0.29, 0.7202]","[0.1639, 0.6606]","[0.0593, 0.6401]","[0.3946, 0.4664]","[0.3809, 0.2696]","[0.3809, 0.1585]","[0.3868, 0.0578]","[0.4973, 0.4674]","[0.5237, 0.3747]","[0.5327, 0.5133]","[0.5331, 0.6165]","[0.5956, 0.4933]","[0.6265, 0.413]","[0.6136, 0.5365]","[0.5924, 0.6277]","[0.6798, 0.5349]","[0.7174, 0.4461]","[0.6937, 0.5225]","[0.6696, 0.5896]"
"[0.5736, 0.8744]","[0.4267, 0.8081]","[0.2851, 0.7175]","[0.1601, 0.6587]","[0.0553, 0.639]","[0.3932, 0.4649]","[0.379, 0.2696]","[0.3786, 0.1581]","[0.3838, 0.0573]","[0.4972, 0.4654]","[0.5251, 0.3755]","[0.5349, 0.5163]","[0.535, 0.6192]","[0.5964, 0.4905]","[0.6277, 0.4129]","[0.6153, 0.538]","[0.5943, 0.628]","[0.682, 0.5311]","[0.7189, 0.4453]","[0.6952, 0.5234]","[0.6715, 0.5894]"
"[0.5736, 0.8717]","[0.4279, 0.8077]","[0.2852, 0.7165]","[0.1607, 0.6582]","[0.0551, 0.6394]","[0.3919, 0.4634]","[0.3762, 0.2681]","[0.3762, 0.1571]","[0.3821, 0.0569]","[0.4964, 0.464]","[0.5237, 0.3732]","[0.535, 0.5144]","[0.5365, 0.6194]","[0.5954, 0.4886]","[0.6248, 0.4121]","[0.6141, 0.537]","[0.595, 0.6282]","[0.6814, 0.5273]","[0.7147, 0.4424]","[0.6931, 0.5207]","[0.6714, 0.5875]"
"[0.5739, 0.8727]","[0.4266, 0.8078]","[0.2854, 0.7167]","[0.1602, 0.6583]","[0.0546, 0.6391]","[0.3924, 0.4662]","[0.3764, 0.269]","[0.3762, 0.1568]","[0.3822, 0.0554]","[0.4958, 0.4662]","[0.5219, 0.3753]","[0.5338, 0.5165]","[0.5368, 0.6209]","[0.5944, 0.4907]","[0.6223, 0.4106]","[0.613, 0.5345]","[0.5964, 0.6254]","[0.6802, 0.5299]","[0.7134, 0.4412]","[0.6917, 0.5174]","[0.6711, 0.5839]"
"[0.5719, 0.8723]","[0.4266, 0.8048]","[0.2857, 0.7147]","[0.1594, 0.6571]","[0.0543, 0.6374]","[0.3901, 0.4638]","[0.3761, 0.2678]","[0.3766, 0.1571]","[0.3824, 0.0567]","[0.4943, 0.4646]","[0.5208, 0.3736]","[0.532, 0.5146]","[0.5339, 0.6182]","[0.5931, 0.4905]","[0.6221, 0.4096]","[0.6115, 0.5336]","[0.5926, 0.6238]","[0.6781, 0.5309]","[0.7126, 0.4416]","[0.6895, 0.5179]","[0.6675, 0.5835]"
"[0.5696, 0.8712]","[0.4257, 0.8054]","[0.2843, 0.7144]","[0.1593, 0.6573]","[0.0545, 0.6378]","[0.3893, 0.4633]","[0.3759, 0.2683]","[0.3763, 0.1576]","[0.3822, 0.0571]","[0.4935, 0.464]","[0.5205, 0.3719]","[0.5313, 0.513]","[0.5337, 0.6176]","[0.5919, 0.4893]","[0.6213, 0.4106]","[0.6103, 0.5351]","[0.5925, 0.6259]","[0.6776, 0.5285]","[0.7111, 0.441]","[0.6886, 0.5183]","[0.6676, 0.5846]"
"[0.5716, 0.8695]","[0.4283, 0.806]","[0.2859, 0.7149]","[0.1602, 0.6579]","[0.0553, 0.6372]","[0.3894, 0.4639]","[0.3762, 0.2684]","[0.377, 0.1573]","[0.3831, 0.0568]","[0.4929, 0.4643]","[0.5208, 0.3702]","[0.5337, 0.5107]","[0.537, 0.6156]","[0.591, 0.4889]","[0.6208, 0.4095]","[0.6117, 0.5332]","[0.5947, 0.624]","[0.6773, 0.5273]","[0.7098, 0.4398]","[0.689, 0.5166]","[0.6684, 0.5828]"
"[0.5705, 0.8697]","[0.427, 0.8058]","[0.2855, 0.7145]","[0.1596, 0.6584]","[0.0551, 0.6379]","[0.3892, 0.4621]","[0.3766, 0.2679]","[0.3766, 0.1571]","[0.3812, 0.0572]","[0.493, 0.4631]","[0.5191, 0.3705]","[0.532, 0.5108]","[0.5351, 0.6144]","[0.5916, 0.4885]","[0.6207, 0.4079]","[0.6109, 0.5309]","[0.5931, 0.6209]","[0.6784, 0.5281]","[0.7103, 0.44]","[0.6884, 0.5159]","[0.6673, 0.5813]"
"[0.5688, 0.8681]","[0.4259, 0.809]","[0.2829, 0.7163]","[0.158, 0.66]","[0.0522, 0.6384]","[0.3875, 0.4638]","[0.3735, 0.2699]","[0.3738, 0.1575]","[0.3782, 0.0571]","[0.4924, 0.4641]","[0.5155, 0.3716]","[0.5293, 0.5102]","[0.5315, 0.615]","[0.5913, 0.4887]","[0.6198, 0.4108]","[0.6108, 0.5319]","[0.5917, 0.6228]","[0.6798, 0.527]","[0.7107, 0.4417]","[0.6898, 0.5161]","[0.6663, 0.5815]"
"[0.5702, 0.8683]","[0.4267, 0.8068]","[0.2849, 0.7146]","[0.1608, 0.6568]","[0.0549, 0.6372]","[0.3905, 0.4612]","[0.3767, 0.2689]","[0.3768, 0.1583]","[0.3805, 0.0595]","[0.4938, 0.4622]","[0.5169, 0.3705]","[0.5298, 0.5094]","[0.5326, 0.613]","[0.5921, 0.4875]","[0.6199, 0.4085]","[0.6106, 0.5284]","[0.5925, 0.6175]","[0.6799, 0.5266]","[0.7114, 0.44]","[0.6898, 0.5137]","[0.6678, 0.5778]"
"[0.5701, 0.8672]","[0.4266, 0.8091]","[0.2835, 0.7148]","[0.159, 0.6581]","[0.054, 0.6385]","[0.3903, 0.4621]","[0.375, 0.268]","[0.3758, 0.1569]","[0.3803, 0.0587]","[0.4934, 0.4624]","[0.5145, 0.3722]","[0.5251, 0.5113]","[0.5237, 0.6102]","[0.5923, 0.487]","[0.6188, 0.4045]","[0.6088, 0.5209]","[0.5878, 0.6035]","[0.6807, 0.5252]","[0.7145, 0.4349]","[0.6907, 0.5052]","[0.6636, 0.5648]"
"[0.5687, 0.8668]","[0.4262, 0.8063]","[0.2857, 0.7159]","[0.1605, 0.6588]","[0.0551, 0.6366]","[0.3907, 0.4625]","[0.3763, 0.2687]","[0.3773, 0.158]","[0.3823, 0.0579]","[0.4941, 0.4626]","[0.5149, 0.3731]","[0.5248, 0.5125]","[0.5238, 0.6112]","[0.5925, 0.4876]","[0.619, 0.4069]","[0.6081, 0.5251]","[0.5867, 0.6086]","[0.68, 0.5256]","[0.7153, 0.4355]","[0.6909, 0.5061]","[0.6632, 0.566]"
"[0.573, 0.8637]","[0.429, 0.8053]","[0.2891, 0.7159]","[0.1626, 0.6587]","[0.0569, 0.6351]","[0.3933, 0.4609]","[0.3779, 0.2659]","[0.3779, 0.1556]","[0.3817, 0.0571]","[0.4951, 0.4616]","[0.5173, 0.3734]","[0.5285, 0.512]","[0.5275, 0.6076]","[0.5928, 0.4861]","[0.6203, 0.4069]","[0.6093, 0.525]","[0.5869, 0.6057]","[0.6789, 0.524]","[0.7154, 0.436]","[0.69, 0.5086]","[0.6616, 0.5678]"
"[0.5728, 0.8662]","[0.4287, 0.8094]","[0.2852, 0.7177]","[0.1599, 0.6596]","[0.0527, 0.6383]","[0.3929, 0.4632]","[0.3785, 0.2696]","[0.3782, 0.1585]","[0.3825, 0.06]","[0.495, 0.465]","[0.5148, 0.3729]","[0.5246, 0.5049]","[0.5253, 0.605]","[0.5922, 0.4906]","[0.6166, 0.4112]","[0.6084, 0.5225]","[0.5907, 0.6071]","[0.6808, 0.5285]","[0.7127, 0.4396]","[0.6911, 0.5057]","[0.6668, 0.5666]"
"[0.5731, 0.8644]","[0.4289, 0.8083]","[0.2872, 0.7185]","[0.1637, 0.6612]","[0.0569, 0.6393]","[0.393, 0.4651]","[0.378, 0.2712]","[0.3781, 0.1596]","[0.3821, 0.0605]","[0.495, 0.4663]","[0.5133, 0.3749]","[0.5242, 0.5101]","[0.5257, 0.6111]","[0.5926, 0.4909]","[0.6174, 0.4085]","[0.6082, 0.5216]","[0.5896, 0.6076]","[0.6822, 0.5281]","[0.7115, 0.437]","[0.69, 0.5037]","[0.6659, 0.5648]"
"[0.5732, 0.8628]","[0.4286, 0.8092]","[0.2862, 0.7173]","[0.1654, 0.6592]","[0.0598, 0.6375]","[0.3944, 0.465]","[0.382, 0.2723]","[0.3827, 0.16]","[0.3873, 0.0607]","[0.498, 0.4667]","[0.5201, 0.3729]","[0.53, 0.5086]","[0.5294, 0.6115]","[0.5964, 0.4921]","[0.6239, 0.4087]","[0.6132, 0.5228]","[0.5923, 0.6104]","[0.6866, 0.5308]","[0.7169, 0.4407]","[0.6948, 0.5084]","[0.6685, 0.5707]"
"[0.5745, 0.862]","[0.4308, 0.8087]","[0.2881, 0.7177]","[0.1649, 0.6599]","[0.0566, 0.6365]","[0.3953, 0.4667]","[0.3821, 0.272]","[0.3824, 0.1588]","[0.3868, 0.0587]","[0.4979, 0.4674]","[0.5215, 0.3721]","[0.5323, 0.5064]","[0.5311, 0.6088]","[0.5956, 0.4915]","[0.6247, 0.4085]","[0.6149, 0.5229]","[0.5932, 0.6099]","[0.6848, 0.5291]","[0.7172, 0.4397]","[0.6959, 0.5094]","[0.6685, 0.5724]"
"[0.5771, 0.8637]","[0.433, 0.809]","[0.2895, 0.7182]","[0.1656, 0.66]","[0.0575, 0.6366]","[0.3958, 0.4654]","[0.3828, 0.2703]","[0.3835, 0.1574]","[0.3883, 0.0582]","[0.4979, 0.4673]","[0.5227, 0.372]","[0.532, 0.5049]","[0.5304, 0.6092]","[0.5954, 0.4918]","[0.6266, 0.4086]","[0.6143, 0.5224]","[0.5918, 0.6121]","[0.6849, 0.5291]","[0.7174, 0.4397]","[0.695, 0.5084]","[0.6679, 0.5731]"
"[0.575, 0.8663]","[0.4303, 0.8112]","[0.2885, 0.7202]","[0.1649, 0.6621]","[0.0561, 0.6402]","[0.3957, 0.4674]","[0.3817, 0.2729]","[0.3819, 0.1598]","[0.3868, 0.0597]","[0.4986, 0.4691]","[0.5223, 0.3725]","[0.5307, 0.505]","[0.5291, 0.6093]","[0.5962, 0.4941]","[0.6258, 0.4121]","[0.6148, 0.5272]","[0.5937, 0.6175]","[0.685, 0.5322]","[0.7168, 0.441]","[0.6967, 0.51]","[0.6713, 0.5752]"
"[0.5762, 0.8648]","[0.4305, 0.8119]","[0.2888, 0.7218]","[0.1651, 0.6646]","[0.0561, 0.6431]","[0.3952, 0.4659]","[0.3818, 0.2704]","[0.3825, 0.1579]","[0.3866, 0.0586]","[0.498, 0.4671]","[0.5215, 0.3755]","[0.5322, 0.5122]","[0.5306, 0.6146]","[0.5961, 0.4914]","[0.6252, 0.4107]","[0.616, 0.528]","[0.595, 0.6158]","[0.6848, 0.5288]","[0.7157, 0.4417]","[0.6956, 0.5142]","[0.671, 0.5778]"
"[0.5782, 0.8627]","[0.4316, 0.8081]","[0.2905, 0.7202]","[0.1667, 0.6625]","[0.0581, 0.641]","[0.3962, 0.4636]","[0.3831, 0.2688]","[0.3846, 0.1571]","[0.3895, 0.0578]","[0.4995, 0.4655]","[0.5252, 0.3747]","[0.5358, 0.5117]","[0.534, 0.6134]","[0.5975, 0.491]","[0.6269, 0.4107]","[0.6162, 0.5286]","[0.5945, 0.6169]","[0.6858, 0.5296]","[0.7174, 0.4436]","[0.6959, 0.5165]","[0.671, 0.5804]"
"[0.5791, 0.8658]","[0.4338, 0.8101]","[0.2915, 0.7188]","[0.1672, 0.6616]","[0.0584, 0.6404]","[0.3955, 0.4655]","[0.3828, 0.2706]","[0.3836, 0.1589]","[0.3886, 0.0591]","[0.4981, 0.4674]","[0.5246, 0.3744]","[0.5361, 0.513]","[0.5365, 0.6168]","[0.5954, 0.4927]","[0.6255, 0.4123]","[0.6144, 0.5335]","[0.5937, 0.6242]","[0.6837, 0.5306]","[0.7156, 0.4436]","[0.6933, 0.5169]","[0.6675, 0.5824]"
"[0.5779, 0.8713]","[0.4306, 0.8115]","[0.2872, 0.7184]","[0.1618, 0.6595]","[0.0557, 0.6409]","[0.3943, 0.4684]","[0.3832, 0.2724]","[0.3838, 0.1598]","[0.3884, 0.0587]","[0.4986, 0.4692]","[0.5248, 0.3763]","[0.5318, 0.5153]","[0.529, 0.6178]","[0.5975, 0.4932]","[0.6266, 0.4149]","[0.6134, 0.5396]","[0.5918, 0.6291]","[0.6851, 0.5302]","[0.7176, 0.4433]","[0.6951, 0.5198]","[0.6711, 0.5842]"
"[0.5801, 0.8708]","[0.4343, 0.8117]","[0.2914, 0.7199]","[0.1661, 0.6609]","[0.0588, 0.6424]","[0.3951, 0.4688]","[0.3821, 0.272]","[0.383, 0.1593]","[0.3881, 0.0586]","[0.4991, 0.4689]","[0.5257, 0.3764]","[0.5346, 0.5155]","[0.5335, 0.6195]","[0.5978, 0.4928]","[0.6277, 0.4136]","[0.6154, 0.5372]","[0.5943, 0.6283]","[0.6852, 0.5302]","[0.7185, 0.4448]","[0.6966, 0.5214]","[0.6727, 0.5866]"
"[0.5843, 0.8738]","[0.4374, 0.8108]","[0.2966, 0.7205]","[0.1676, 0.662]","[0.0603, 0.642]","[0.397, 0.4698]","[0.3835, 0.274]","[0.3837, 0.1611]","[0.388, 0.0601]","[0.5005, 0.4685]","[0.5256, 0.3757]","[0.5364, 0.5145]","[0.5358, 0.6172]","[0.5996, 0.4927]","[0.6291, 0.4127]","[0.6177, 0.5365]","[0.5959, 0.6262]","[0.6854, 0.5317]","[0.7209, 0.4445]","[0.6976, 0.5207]","[0.6726, 0.5855]"
"[0.5833, 0.8729]","[0.4372, 0.8107]","[0.2952, 0.7209]","[0.1655, 0.6634]","[0.0595, 0.6457]","[0.3978, 0.4665]","[0.3844, 0.2725]","[0.3842, 0.1609]","[0.3875, 0.061]","[0.5023, 0.4653]","[0.5268, 0.3772]","[0.5345, 0.5174]","[0.5318, 0.6193]","[0.6017, 0.4898]","[0.6292, 0.4146]","[0.6167, 0.5387]","[0.595, 0.6273]","[0.6873, 0.5286]","[0.7218, 0.4462]","[0.6981, 0.5242]","[0.6742, 0.588]"
"[0.5811, 0.8716]","[0.4352, 0.8127]","[0.2903, 0.7194]","[0.163, 0.6614]","[0.057, 0.6433]","[0.3949, 0.4679]","[0.3826, 0.2716]","[0.3834, 0.1587]","[0.3881, 0.0587]","[0.4988, 0.4683]","[0.5237, 0.3785]","[0.5342, 0.5165]","[0.5342, 0.6198]","[0.5977, 0.4919]","[0.626, 0.4151]","[0.6144, 0.5359]","[0.5941, 0.6258]","[0.686, 0.5287]","[0.7187, 0.4436]","[0.6962, 0.5167]","[0.6719, 0.5812]"
"[0.5815, 0.8709]","[0.4352, 0.8104]","[0.2921, 0.7193]","[0.1665, 0.6607]","[0.0604, 0.643]","[0.3964, 0.4649]","[0.3833, 0.2685]","[0.3836, 0.1564]","[0.3883, 0.057]","[0.5003, 0.465]","[0.525, 0.3764]","[0.5344, 0.5157]","[0.5344, 0.6202]","[0.5996, 0.4894]","[0.6277, 0.4142]","[0.6152, 0.5368]","[0.5936, 0.6275]","[0.6868, 0.5272]","[0.7203, 0.4432]","[0.6961, 0.5181]","[0.6707, 0.5829]"
"[0.5854, 0.8746]","[0.4357, 0.8082]","[0.2975, 0.7212]","[0.1675, 0.6622]","[0.0599, 0.6416]","[0.3986, 0.4642]","[0.3844, 0.2678]","[0.384, 0.1571]","[0.3893, 0.057]","[0.5013, 0.4646]","[0.5256, 0.377]","[0.535, 0.5142]","[0.5356, 0.6171]","[0.6, 0.4907]","[0.6264, 0.415]","[0.6152, 0.5363]","[0.5956, 0.6254]","[0.6849, 0.5303]","[0.7204, 0.4438]","[0.6954, 0.5188]","[0.6719, 0.5829]"
"[0.5832, 0.877]","[0.4333, 0.8062]","[0.2984, 0.7206]","[0.1669, 0.6626]","[0.061, 0.6433]","[0.3993, 0.4644]","[0.384, 0.2676]","[0.3828, 0.1564]","[0.3881, 0.0559]","[0.5011, 0.4641]","[0.5239, 0.3775]","[0.534, 0.5144]","[0.5359, 0.6149]","[0.6006, 0.491]","[0.6244, 0.413]","[0.6145, 0.5341]","[0.5966, 0.621]","[0.6838, 0.5333]","[0.7205, 0.4435]","[0.6941, 0.5184]","[0.6715, 0.5815]"
"[0.5799, 0.8719]","[0.4331, 0.8081]","[0.296, 0.7189]","[0.1666, 0.6643]","[0.0606, 0.6487]","[0.3987, 0.4643]","[0.3845, 0.2685]","[0.3839, 0.1573]","[0.3893, 0.0574]","[0.5016, 0.4652]","[0.5243, 0.3773]","[0.5348, 0.514]","[0.5374, 0.6141]","[0.6003, 0.4918]","[0.6268, 0.4159]","[0.6155, 0.5351]","[0.5969, 0.6214]","[0.6859, 0.5328]","[0.723, 0.4458]","[0.6977, 0.5183]","[0.6735, 0.5814]"
"[0.5799, 0.8675]","[0.4348, 0.8099]","[0.2939, 0.7203]","[0.1652, 0.6665]","[0.0578, 0.652]","[0.3969, 0.4657]","[0.3825, 0.2693]","[0.3828, 0.1572]","[0.3876, 0.0561]","[0.5002, 0.4672]","[0.5258, 0.3763]","[0.5376, 0.5119]","[0.539, 0.6139]","[0.5978, 0.4932]","[0.6268, 0.4197]","[0.6173, 0.5398]","[0.5981, 0.6278]","[0.6841, 0.5317]","[0.7191, 0.4471]","[0.6977, 0.5211]","[0.6746, 0.5854]"
"[0.5747, 0.8699]","[0.4291, 0.8079]","[0.2914, 0.7223]","[0.1633, 0.6684]","[0.0543, 0.6546]","[0.3927, 0.4644]","[0.3783, 0.2689]","[0.3784, 0.1573]","[0.3834, 0.0568]","[0.4961, 0.466]","[0.5178, 0.3759]","[0.5322, 0.5137]","[0.5366, 0.6172]","[0.595, 0.4926]","[0.6205, 0.4182]","[0.6133, 0.5398]","[0.5961, 0.6299]","[0.681, 0.5326]","[0.7142, 0.4457]","[0.6929, 0.5195]","[0.6706, 0.5841]"
"[0.5747, 0.8724]","[0.4289, 0.8089]","[0.2895, 0.7217]","[0.1641, 0.6689]","[0.0565, 0.6539]","[0.3922, 0.467]","[0.3793, 0.2699]","[0.3797, 0.1576]","[0.3851, 0.0562]","[0.4952, 0.4691]","[0.5209, 0.3737]","[0.5333, 0.5107]","[0.5365, 0.6156]","[0.5928, 0.4955]","[0.622, 0.4173]","[0.6128, 0.538]","[0.5948, 0.6292]","[0.6788, 0.5346]","[0.7132, 0.4458]","[0.6915, 0.5185]","[0.6682, 0.5844]"
"[0.5739, 0.8727]","[0.4288, 0.8112]","[0.2939, 0.7278]","[0.1664, 0.6748]","[0.058, 0.6568]","[0.3943, 0.4669]","[0.3803, 0.2716]","[0.3798, 0.1597]","[0.3842, 0.0581]","[0.4968, 0.4683]","[0.5214, 0.3769]","[0.5309, 0.5159]","[0.5317, 0.6174]","[0.5953, 0.4957]","[0.6247, 0.4145]","[0.6126, 0.5348]","[0.5924, 0.6221]","[0.6815, 0.5365]","[0.7169, 0.4458]","[0.692, 0.5191]","[0.6671, 0.5822]"
"[0.5761, 0.8728]","[0.4291, 0.8122]","[0.2911, 0.7252]","[0.1647, 0.6733]","[0.0567, 0.6579]","[0.3948, 0.4659]","[0.3811, 0.2706]","[0.3812, 0.159]","[0.386, 0.0584]","[0.4978, 0.4681]","[0.525, 0.3776]","[0.5341, 0.5148]","[0.5331, 0.6174]","[0.5959, 0.4948]","[0.6265, 0.4145]","[0.6144, 0.5344]","[0.5931, 0.6232]","[0.6826, 0.5338]","[0.7173, 0.4449]","[0.6948, 0.5184]","[0.6706, 0.5829]"
"[0.5757, 0.8731]","[0.4308, 0.8153]","[0.2921, 0.7258]","[0.166, 0.6739]","[0.0576, 0.6574]","[0.3945, 0.4676]","[0.3811, 0.2717]","[0.3812, 0.1592]","[0.386, 0.058]","[0.4972, 0.4701]","[0.525, 0.3763]","[0.5356, 0.5137]","[0.5349, 0.616]","[0.5955, 0.4966]","[0.6266, 0.4144]","[0.6163, 0.5352]","[0.5956, 0.6234]","[0.6828, 0.5365]","[0.7167, 0.446]","[0.6957, 0.5206]","[0.6721, 0.585]"
"[0.5754, 0.8731]","[0.4299, 0.8137]","[0.2906, 0.7252]","[0.165, 0.6732]","[0.0581, 0.659]","[0.3942, 0.4686]","[0.3799, 0.2727]","[0.3799, 0.1601]","[0.3846, 0.059]","[0.4974, 0.4708]","[0.5243, 0.3765]","[0.5345, 0.5139]","[0.5337, 0.6164]","[0.5959, 0.4972]","[0.6268, 0.4137]","[0.6159, 0.5358]","[0.5948, 0.6253]","[0.6835, 0.5368]","[0.7172, 0.4464]","[0.696, 0.5213]","[0.6721, 0.5862]"
"[0.5765, 0.8718]","[0.4309, 0.8143]","[0.2894, 0.725]","[0.1637, 0.6734]","[0.0562, 0.659]","[0.393, 0.469]","[0.3787, 0.2731]","[0.3787, 0.1601]","[0.3831, 0.0593]","[0.496, 0.4706]","[0.5239, 0.3772]","[0.5351, 0.5135]","[0.5341, 0.6159]","[0.5941, 0.4959]","[0.6252, 0.4145]","[0.615, 0.535]","[0.5941, 0.624]","[0.682, 0.5345]","[0.7157, 0.4457]","[0.6953, 0.5193]","[0.6711, 0.584]"
"[0.5787, 0.871]","[0.4332, 0.8137]","[0.2916, 0.7254]","[0.1646, 0.6733]","[0.0571, 0.6577]","[0.3929, 0.4688]","[0.3784, 0.2736]","[0.3785, 0.1608]","[0.3824, 0.06]","[0.4956, 0.4699]","[0.5213, 0.3757]","[0.5332, 0.5118]","[0.5328, 0.6142]","[0.594, 0.4949]","[0.6248, 0.4147]","[0.614, 0.5365]","[0.5921, 0.6259]","[0.6824, 0.5329]","[0.7151, 0.4455]","[0.6934, 0.5207]","[0.6684, 0.5855]"
"[0.5787, 0.8708]","[0.431, 0.811]","[0.2907, 0.7247]","[0.1621, 0.6715]","[0.0544, 0.658]","[0.3934, 0.4683]","[0.3787, 0.2733]","[0.3784, 0.1613]","[0.3821, 0.0604]","[0.4958, 0.4689]","[0.5205, 0.3756]","[0.5325, 0.5115]","[0.5331, 0.6131]","[0.5946, 0.4946]","[0.6242, 0.4138]","[0.6134, 0.5359]","[0.5915, 0.6253]","[0.6817, 0.534]","[0.7157, 0.4458]","[0.6924, 0.5211]","[0.6673, 0.5859]"
"[0.5766, 0.871]","[0.4298, 0.8125]","[0.2893, 0.7246]","[0.162, 0.6726]","[0.0551, 0.6594]","[0.3931, 0.4672]","[0.3789, 0.2736]","[0.3783, 0.1615]","[0.3817, 0.061]","[0.4964, 0.4682]","[0.5222, 0.3743]","[0.5326, 0.5127]","[0.532, 0.6156]","[0.5953, 0.4946]","[0.6253, 0.4136]","[0.6141, 0.5367]","[0.5931, 0.6263]","[0.683, 0.5346]","[0.7155, 0.4453]","[0.6934, 0.5214]","[0.6696, 0.5866]"
"[0.5777, 0.8723]","[0.4302, 0.8131]","[0.2884, 0.724]","[0.1615, 0.6717]","[0.0543, 0.6578]","[0.3921, 0.4684]","[0.3796, 0.275]","[0.3794, 0.1632]","[0.3835, 0.0623]","[0.4962, 0.4697]","[0.5225, 0.3759]","[0.5323, 0.514]","[0.5324, 0.6169]","[0.5953, 0.4955]","[0.6258, 0.415]","[0.6136, 0.5379]","[0.5929, 0.6282]","[0.6838, 0.5345]","[0.7157, 0.4472]","[0.6933, 0.5227]","[0.6699, 0.5875]"
"[0.5773, 0.8721]","[0.4297, 0.8121]","[0.288, 0.7242]","[0.1611, 0.672]","[0.054, 0.6585]","[0.3911, 0.4669]","[0.3787, 0.2746]","[0.3788, 0.1629]","[0.3827, 0.0626]","[0.4956, 0.4682]","[0.5213, 0.3742]","[0.5312, 0.5129]","[0.5309, 0.6159]","[0.5955, 0.495]","[0.626, 0.4132]","[0.6138, 0.5356]","[0.5922, 0.6253]","[0.6842, 0.5359]","[0.7168, 0.4473]","[0.6936, 0.5229]","[0.6687, 0.5875]"
"[0.5819, 0.8712]","[0.4318, 0.8095]","[0.2926, 0.725]","[0.1629, 0.6727]","[0.056, 0.6574]","[0.3932, 0.4673]","[0.3792, 0.2746]","[0.3784, 0.1634]","[0.3823, 0.0627]","[0.4964, 0.4678]","[0.5198, 0.3767]","[0.5316, 0.5162]","[0.5341, 0.6179]","[0.5966, 0.495]","[0.6249, 0.4151]","[0.6134, 0.539]","[0.5923, 0.6266]","[0.6838, 0.5371]","[0.7174, 0.4498]","[0.6915, 0.5267]","[0.6665, 0.5894]"
"[0.5811, 0.8723]","[0.433, 0.8126]","[0.2929, 0.7265]","[0.165, 0.6733]","[0.0574, 0.6577]","[0.393, 0.4688]","[0.3801, 0.2752]","[0.3801, 0.1628]","[0.3849, 0.0614]","[0.4964, 0.4702]","[0.5231, 0.3765]","[0.5324, 0.5146]","[0.533, 0.6187]","[0.5958, 0.4969]","[0.6251, 0.4169]","[0.6121, 0.5384]","[0.5911, 0.628]","[0.6841, 0.5373]","[0.7169, 0.4484]","[0.692, 0.5221]","[0.6672, 0.5864]"
"[0.579, 0.8704]","[0.4336, 0.8112]","[0.2932, 0.7258]","[0.1645, 0.6728]","[0.0561, 0.6574]","[0.3945, 0.4675]","[0.3798, 0.2725]","[0.3796, 0.1613]","[0.3841, 0.0605]","[0.4979, 0.4682]","[0.5236, 0.3776]","[0.5353, 0.5166]","[0.5373, 0.6209]","[0.5954, 0.4939]","[0.6238, 0.418]","[0.6137, 0.5409]","[0.5955, 0.6312]","[0.681, 0.5327]","[0.7141, 0.4468]","[0.6923, 0.5234]","[0.6707, 0.5892]"
"[0.5784, 0.8673]","[0.4318, 0.8099]","[0.2907, 0.7246]","[0.164, 0.6708]","[0.0559, 0.6541]","[0.394, 0.4681]","[0.3784, 0.2737]","[0.3775, 0.1627]","[0.3818, 0.0616]","[0.497, 0.4687]","[0.5219, 0.3776]","[0.5343, 0.5158]","[0.5376, 0.6212]","[0.5938, 0.4942]","[0.6215, 0.4187]","[0.6123, 0.5408]","[0.5955, 0.6324]","[0.6802, 0.5322]","[0.7123, 0.446]","[0.6913, 0.5203]","[0.6696, 0.5863]"
"[0.5786, 0.8659]","[0.4336, 0.8115]","[0.2918, 0.7269]","[0.1637, 0.6732]","[0.0545, 0.6558]","[0.3934, 0.4687]","[0.3796, 0.2737]","[0.3797, 0.1622]","[0.384, 0.0608]","[0.497, 0.4694]","[0.5252, 0.3773]","[0.5369, 0.5156]","[0.5369, 0.6206]","[0.5938, 0.4948]","[0.6243, 0.4197]","[0.6149, 0.5421]","[0.595, 0.6327]","[0.6793, 0.5325]","[0.7124, 0.4479]","[0.6921, 0.5232]","[0.669, 0.588]"
"[0.5802, 0.8679]","[0.4348, 0.8118]","[0.2941, 0.7273]","[0.1649, 0.6736]","[0.0561, 0.6571]","[0.3952, 0.4713]","[0.3824, 0.2747]","[0.3816, 0.1626]","[0.3852, 0.0609]","[0.4986, 0.472]","[0.5268, 0.3822]","[0.5381, 0.5224]","[0.5387, 0.6271]","[0.5958, 0.4979]","[0.6257, 0.4219]","[0.6161, 0.5457]","[0.5969, 0.6357]","[0.6808, 0.5372]","[0.7139, 0.4519]","[0.6926, 0.5289]","[0.6703, 0.5934]"
"[0.5775, 0.867]","[0.4334, 0.8113]","[0.2903, 0.7248]","[0.1607, 0.6716]","[0.0523, 0.6575]","[0.3924, 0.4723]","[0.3778, 0.2761]","[0.3783, 0.1634]","[0.3836, 0.0617]","[0.4963, 0.4716]","[0.5222, 0.3792]","[0.5362, 0.5201]","[0.5389, 0.6256]","[0.5942, 0.4959]","[0.6236, 0.4205]","[0.6151, 0.5456]","[0.5967, 0.6373]","[0.6801, 0.5331]","[0.7126, 0.4477]","[0.6916, 0.5247]","[0.6681, 0.5905]"
"[0.5788, 0.8695]","[0.4343, 0.8115]","[0.2909, 0.725]","[0.1589, 0.671]","[0.0498, 0.6565]","[0.3897, 0.4733]","[0.3748, 0.2765]","[0.3745, 0.164]","[0.3795, 0.0619]","[0.4926, 0.4709]","[0.518, 0.3787]","[0.5332, 0.5206]","[0.5384, 0.6254]","[0.5904, 0.4932]","[0.6191, 0.4166]","[0.6116, 0.5422]","[0.5959, 0.6337]","[0.6764, 0.529]","[0.7079, 0.4443]","[0.6879, 0.5232]","[0.6676, 0.5894]"